64
202
202
201
202
202
202
202
203
203
203
202
203
203
203
204
205
204
203
204
204
203
202
203
203
204
203
204
203
203
203
203
203
204
203
203
203
203
203
203
202
202
203
203
203
202
201
202
203
202
202
202
202
201
201
200
200
200
200
199
199
198
197
197
197
202
202
203
204
203
203
203
205
204
203
203
204
203
203
203
203
204
204
203
204
204
203
204
204
203
204
204
204
204
204
203
204
204
204
204
204
202
203
202
202
203
204
204
202
202
202
203
203
203
203
202
203
201
200
200
200
200
200
200
199
198
198
198
197
203
203
203
203
204
204
204
204
204
203
205
204
204
204
204
204
205
205
204
205
205
204
204
204
204
204
205
205
204
204
205
204
204
205
203
203
203
203
204
202
203
203
202
202
202
202
203
203
203
203
203
203
203
201
202
201
200
200
200
199
200
200
199
198
203
204
203
203
204
205
205
204
203
204
204
204
204
204
204
205
204
205
205
205
204
204
204
204
204
204
204
204
204
204
205
204
204
204
205
205
204
203
203
202
203
204
203
202
203
202
203
203
203
203
203
203
203
202
202
200
199
201
200
200
199
199
199
198
204
203
204
204
205
191
203
192
203
198
201
192
200
200
188
203
202
198
202
200
201
199
201
198
204
204
205
205
204
204
205
205
205
204
205
205
204
203
203
203
203
204
204
203
202
202
203
204
203
203
203
203
203
202
202
201
201
201
202
201
199
200
199
199
205
204
204
204
203
171
195
171
193
181
187
181
180
183
187
196
193
196
197
198
196
195
197
197
205
204
204
204
205
205
206
206
205
206
205
205
204
203
203
203
203
203
203
202
203
203
203
203
203
203
203
203
203
202
203
203
202
201
201
201
201
200
199
198
205
205
205
204
203
203
202
199
204
201
202
200
202
202
203
201
200
205
206
204
200
205
205
206
205
205
204
205
205
206
205
206
205
206
206
206
203
204
203
202
202
203
203
203
204
204
203
204
204
203
204
202
202
202
201
202
202
201
201
201
200
199
200
200
206
206
204
205
206
205
206
206
204
205
205
204
204
205
205
205
206
206
207
205
205
205
205
206
206
205
204
204
204
205
206
206
205
205
205
205
204
205
203
203
203
203
203
204
203
204
203
203
203
204
204
204
205
204
201
201
202
202
201
201
201
200
200
199
207
207
205
205
206
206
207
207
206
206
205
205
204
204
204
204
206
206
207
206
204
205
205
206
205
206
205
205
205
205
205
207
206
206
206
206
206
205
204
203
203
204
204
204
204
204
204
204
204
205
203
206
205
205
201
201
201
202
201
201
201
201
200
200
208
207
207
207
207
208
208
207
206
206
205
204
204
203
204
205
206
207
208
206
205
205
206
206
206
205
206
206
206
207
207
207
207
205
205
207
206
205
205
204
204
204
204
204
204
204
205
205
204
204
205
206
205
204
202
202
201
201
201
201
201
201
200
200
208
208
208
208
207
208
209
208
208
206
206
205
204
205
205
205
206
207
208
206
206
205
206
207
206
206
205
206
205
207
207
208
206
206
206
206
206
205
205
204
205
205
205
205
204
204
204
204
204
205
205
206
205
205
203
202
201
201
201
201
201
202
200
200
209
208
209
208
208
209
209
208
209
208
205
205
205
204
204
205
207
206
206
206
205
205
206
206
206
207
206
205
206
208
208
207
207
207
206
206
205
205
205
205
204
205
206
203
203
202
201
201
200
201
201
200
197
194
198
202
201
201
201
202
202
202
200
201
210
208
209
207
207
208
210
210
209
209
208
205
204
129
86
86
86
86
86
86
85
85
85
85
112
206
206
204
99
120
208
208
208
208
207
206
110
84
203
148
63
177
189
59
55
52
52
50
49
46
46
43
42
40
122
202
202
202
201
202
202
201
200
202
209
209
209
208
209
209
209
210
210
210
209
206
203
97
32
54
55
54
54
54
53
52
53
35
70
207
200
191
56
86
208
198
191
189
195
206
110
81
179
120
33
174
186
33
54
78
80
81
84
87
90
93
86
32
121
203
202
202
202
202
201
201
200
201
210
210
209
209
209
209
210
210
210
209
209
207
205
95
43
196
202
202
203
204
203
203
202
69
69
207
123
38
31
85
209
107
35
34
106
207
207
193
38
32
32
175
184
31
122
206
204
205
205
205
205
205
179
33
123
202
202
202
202
202
202
201
201
201
211
210
210
210
211
210
212
212
210
210
208
207
204
96
43
199
183
143
143
146
146
174
206
71
68
208
157
104
39
63
142
76
35
110
152
206
207
192
33
29
32
177
185
31
125
206
128
110
108
104
104
192
178
32
124
203
203
204
203
203
202
201
201
200
211
210
210
211
212
212
212
213
211
210
208
207
204
97
43
199
149
30
28
29
29
113
206
72
67
209
208
205
56
29
31
30
42
202
208
207
206
191
32
29
33
179
184
31
126
204
61
28
27
28
33
186
176
31
126
203
203
203
204
204
202
201
201
200
212
211
211
211
212
212
214
213
212
211
209
208
204
97
41
199
151
28
27
27
28
112
206
72
66
208
150
88
38
69
165
84
43
201
165
80
78
73
29
101
177
202
182
31
128
204
59
27
27
28
34
187
175
30
127
203
204
203
204
203
203
202
202
200
212
211
210
210
212
213
214
213
214
212
210
206
203
98
40
200
152
29
28
27
29
111
208
74
66
208
131
49
49
94
198
112
62
190
147
54
54
54
55
123
189
205
180
31
128
204
58
28
28
28
34
189
172
30
129
204
204
205
204
204
202
202
201
201
212
211
211
210
211
212
214
214
215
213
209
206
203
99
41
200
154
30
29
29
28
109
208
75
64
210
207
204
205
167
41
149
199
51
109
205
205
204
204
131
38
181
179
31
130
205
57
28
28
29
35
189
172
31
131
204
204
204
205
204
203
202
201
202
212
211
211
210
211
213
214
215
214
213
209
205
204
101
40
200
180
113
111
109
108
149
209
78
63
210
183
153
204
169
30
149
206
116
150
210
159
139
137
129
118
193
176
31
132
206
139
129
133
137
143
201
170
32
133
204
205
205
204
205
203
202
200
201
213
212
210
210
210
212
214
216
215
212
207
205
205
104
38
200
207
207
208
207
208
207
209
79
63
209
126
33
192
170
31
149
210
207
208
209
81
30
30
123
207
207
176
31
133
207
207
207
206
206
206
204
165
31
136
205
205
204
205
204
204
202
202
201
213
211
210
211
211
211
212
214
215
209
205
206
206
105
31
75
80
82
84
85
87
89
91
46
62
210
127
33
193
170
30
148
204
96
139
208
79
52
168
128
81
192
175
29
52
69
66
64
60
58
55
51
44
31
138
206
206
204
204
203
203
203
203
202
213
212
211
212
212
212
211
212
215
205
206
207
207
127
64
62
60
58
56
55
52
49
49
49
76
210
137
53
194
175
53
156
202
42
106
209
79
57
195
118
34
188
180
60
60
62
65
68
71
75
77
81
85
89
162
206
206
204
203
204
203
202
202
203
212
212
212
212
211
212
212
212
209
205
208
209
209
207
207
206
205
205
203
204
204
204
205
204
205
212
210
207
211
210
206
208
202
42
107
208
78
29
37
32
33
190
207
204
203
205
211
209
207
207
207
208
207
208
207
206
206
205
204
204
203
202
202
202
212
211
212
212
211
212
214
211
204
206
208
209
209
166
133
135
136
138
141
143
144
170
210
167
153
154
154
153
152
151
149
189
203
41
78
147
120
98
27
27
31
125
155
207
163
136
208
186
122
178
205
119
141
209
207
206
206
205
205
204
202
201
201
202
213
213
212
212
212
212
212
208
204
207
208
209
209
113
30
28
29
28
28
29
31
100
209
84
30
31
32
30
30
29
32
150
202
41
28
29
173
187
31
28
29
29
80
207
106
40
202
161
33
152
203
45
92
208
208
208
206
205
205
204
203
203
202
202
213
213
213
214
214
213
211
207
206
208
209
210
209
114
30
28
29
28
28
37
165
143
86
149
163
165
170
170
53
69
168
195
207
169
115
29
174
204
169
100
32
161
184
208
104
41
205
205
189
202
202
44
94
209
209
208
207
206
206
205
204
202
202
203
213
213
215
214
213
213
210
207
207
209
209
210
211
137
69
32
27
27
28
38
185
142
31
157
197
210
217
214
63
83
212
202
196
196
135
29
164
196
195
112
33
179
192
189
94
40
182
186
182
200
202
41
79
167
195
208
207
207
206
205
205
203
202
203
214
214
214
214
213
211
209
208
207
209
209
211
211
210
207
55
28
28
28
28
35
34
29
37
65
207
214
215
63
82
211
109
37
37
33
28
35
37
35
31
28
34
33
32
29
30
32
32
33
159
202
39
29
31
156
209
208
207
207
207
206
204
201
204
214
214
214
213
212
211
209
208
208
209
210
212
212
213
210
143
106
29
28
34
120
123
123
121
132
207
211
216
62
59
139
74
35
112
115
115
117
103
29
80
117
40
28
28
92
127
130
133
136
190
205
143
103
30
158
209
208
208
207
207
207
205
203
203
215
214
214
214
213
211
210
210
209
209
211
212
212
212
211
210
172
30
30
42
203
212
211
210
209
207
212
217
63
29
30
28
43
205
211
211
211
185
30
135
208
53
28
27
153
213
213
213
213
210
208
205
145
30
160
209
208
208
207
208
208
205
204
204
215
215
215
215
213
211
210
211
210
210
210
211
211
211
211
210
173
31
132
191
211
212
211
113
72
72
75
76
37
71
181
90
30
72
74
75
75
97
180
197
210
184
141
28
54
66
66
124
212
106
54
51
41
30
162
210
208
208
208
209
208
207
204
204
215
215
215
215
212
211
210
210
210
210
211
211
211
190
174
175
146
31
147
211
184
192
211
113
63
27
28
29
60
102
191
117
63
29
43
64
65
97
211
196
186
209
171
68
42
31
72
118
176
110
77
29
52
89
178
209
209
208
209
209
208
207
204
204
214
214
215
215
213
211
212
212
212
212
212
212
211
124
33
33
32
31
146
208
52
97
211
210
195
32
27
31
191
177
35
152
203
40
110
211
211
212
211
116
40
199
211
209
93
48
210
146
31
170
198
32
109
211
210
210
210
209
209
208
208
207
205
205
214
214
214
215
214
213
213
213
213
213
212
212
211
125
33
136
147
145
186
208
49
59
119
120
125
132
87
30
193
199
135
187
206
39
112
212
146
126
124
131
133
125
152
211
93
39
116
82
29
174
198
32
63
104
184
210
209
207
207
206
207
207
205
205
216
215
215
213
213
214
213
212
213
213
213
212
211
127
35
193
212
209
212
207
48
30
34
33
55
206
134
30
191
216
216
213
205
40
112
212
72
28
28
137
207
50
97
211
95
34
35
32
30
175
197
40
33
31
171
210
210
208
208
208
207
206
204
205
218
216
216
214
213
213
214
213
213
213
213
212
210
127
34
193
183
55
151
207
51
87
196
197
185
61
45
28
56
104
217
123
57
30
114
212
70
26
25
44
63
190
203
212
202
202
202
133
31
177
211
202
133
31
174
211
211
209
209
207
207
206
205
205
220
219
218
215
214
213
214
214
213
213
212
211
210
128
33
192
191
98
166
209
104
129
210
181
162
88
85
84
37
68
175
123
84
85
125
170
60
27
25
26
35
162
169
169
167
168
168
135
90
150
169
212
163
98
187
212
211
209
209
207
206
205
204
205
221
220
218
218
217
215
215
216
215
213
212
211
210
129
35
191
213
212
213
212
209
209
211
93
52
209
213
213
65
26
28
153
215
215
142
29
27
27
25
25
27
29
29
29
29
29
30
115
210
75
62
213
213
213
212
212
210
209
207
207
207
205
205
204
221
221
219
218
218
217
216
216
214
213
211
213
211
189
166
206
213
213
213
211
211
211
211
175
163
212
166
102
41
26
26
78
114
213
190
154
153
130
25
25
33
147
153
153
153
145
30
61
95
43
63
213
214
213
213
212
211
209
208
207
207
205
204
203
223
221
220
220
219
219
219
217
216
215
213
213
211
202
197
197
199
199
199
198
199
199
200
202
204
214
138
27
44
43
28
40
62
201
209
214
206
178
46
34
38
206
211
204
211
200
30
26
26
28
59
202
202
201
210
213
210
209
209
207
207
205
204
203
224
222
220
221
221
220
219
219
217
217
215
213
212
135
39
39
38
36
37
34
36
36
36
37
57
212
139
30
186
174
30
152
205
50
121
214
78
80
209
108
40
206
157
38
169
199
31
26
27
27
29
36
37
39
182
212
211
210
209
207
206
204
204
203
223
222
220
222
222
220
221
220
218
217
215
214
211
134
32
108
122
119
119
117
117
117
116
59
50
212
174
117
143
143
117
183
212
121
161
214
134
137
214
110
39
206
179
112
187
199
31
28
29
97
110
112
112
114
195
212
210
209
209
207
206
204
205
204
223
222
221
220
222
221
221
221
219
218
217
215
212
134
32
185
212
211
211
210
211
211
213
96
51
212
216
215
67
82
218
218
217
216
215
214
214
214
214
109
38
205
212
212
213
197
30
28
30
185
214
214
215
214
213
212
210
209
209
209
207
204
204
206
223
222
220
220
221
220
221
222
220
218
216
215
213
136
34
184
191
68
67
67
68
112
213
95
49
213
155
72
37
81
217
217
216
216
158
74
72
73
73
46
30
71
73
73
73
68
26
28
27
69
103
214
214
215
214
211
210
208
210
208
207
204
204
206
224
221
219
220
221
221
221
222
222
219
216
215
214
136
32
185
187
30
27
28
28
85
213
96
49
214
139
30
66
113
216
198
190
215
155
67
34
36
66
66
64
29
25
26
53
59
28
44
60
34
61
190
192
194
210
210
209
209
209
208
206
204
205
206
224
222
219
220
221
222
223
222
221
220
218
216
214
136
32
185
188
28
27
28
26
84
213
95
50
213
138
30
192
216
217
106
47
212
216
214
66
74
214
213
207
41
26
28
169
196
29
123
213
67
29
31
32
34
180
210
209
209
209
209
206
204
205
207
224
222
220
220
220
223
223
223
222
221
219
217
214
136
31
185
189
28
27
26
27
85
214
96
50
213
138
31
193
194
115
137
143
119
164
214
65
75
215
214
207
40
68
133
127
127
132
174
215
68
48
125
80
32
178
208
210
210
209
208
207
205
205
206
222
221
221
221
221
223
224
222
223
221
219
217
215
137
29
185
189
39
39
37
38
92
214
95
50
213
138
29
188
173
29
152
205
43
122
215
66
75
211
212
205
44
104
214
81
58
214
215
214
70
69
213
127
31
180
206
209
210
209
208
207
205
206
205
223
222
222
222
222
222
223
223
222
221
220
218
215
137
32
185
213
206
206
206
207
209
215
95
50
212
136
28
40
39
27
39
60
202
210
215
66
33
48
49
59
194
206
213
80
31
53
55
57
174
197
213
127
32
180
207
207
208
208
208
206
206
206
206
224
222
222
222
221
223
223
223
222
222
219
218
215
137
31
131
152
151
151
150
150
151
151
71
51
213
135
28
27
48
100
56
39
153
156
156
108
94
94
92
98
158
160
162
65
27
26
27
29
151
172
174
106
32
182
207
207
207
208
207
207
207
206
206
223
220
221
221
221
223
223
222
221
221
218
217
216
139
32
32
33
32
33
32
32
31
32
30
53
212
136
29
29
83
217
103
29
29
29
31
189
214
213
212
207
41
29
30
29
29
29
29
28
30
30
30
29
32
181
207
207
207
207
206
206
207
206
206
223
222
222
222
223
223
222
221
221
221
219
217
217
196
171
172
173
173
174
174
175
175
176
174
180
214
196
174
174
186
217
189
172
171
170
171
209
215
213
214
210
163
161
160
159
158
156
154
151
149
146
143
140
139
197
208
207
206
207
206
207
207
206
206
223
224
222
222
223
222
222
221
221
221
220
218
218
216
215
214
214
216
216
215
215
216
217
217
216
214
214
216
216
217
216
216
216
216
217
217
215
214
213
213
212
214
215
216
217
218
218
218
217
215
214
214
212
211
209
208
208
207
207
206
206
206
206
206
224
224
223
222
222
222
222
221
221
220
219
219
218
216
215
214
215
217
218
217
216
217
217
217
216
214
213
214
216
216
216
216
216
217
217
217
215
214
213
212
213
214
215
216
216
218
219
218
216
216
215
214
212
212
209
209
207
207
207
206
205
206
206
205
225
223
222
222
221
222
222
221
220
220
219
219
218
218
214
214
216
218
219
217
216
216
217
216
216
215
214
214
216
216
216
215
217
217
216
215
215
214
212
212
213
214
216
216
217
219
219
218
216
216
215
214
213
212
210
209
208
206
206
205
206
206
205
205
224
223
222
222
222
213
217
217
220
220
219
218
219
218
215
215
217
218
221
220
216
216
214
216
216
215
214
214
214
216
216
216
217
216
215
215
214
213
212
212
212
212
214
215
216
219
221
219
217
216
215
214
212
212
210
209
208
208
206
205
206
205
204
204
224
223
222
222
221
159
185
195
194
192
214
185
206
191
190
210
186
202
192
217
192
202
188
214
201
201
200
199
204
190
200
209
189
213
199
205
199
193
212
213
212
212
214
215
216
218
219
219
217
215
214
214
212
211
209
210
209
206
207
206
206
206
204
204
224
224
221
221
221
178
177
197
192
191
209
180
197
180
184
207
199
201
166
214
185
195
195
215
185
193
203
190
211
178
190
208
182
214
179
210
181
200
212
213
212
213
213
214
215
218
218
218
217
215
214
213
212
211
210
210
208
207
207
206
205
204
203
203
225
224
222
221
220
218
218
217
217
216
218
216
218
203
218
218
218
218
217
217
214
207
216
216
215
213
215
215
214
214
215
215
214
214
198
211
210
212
212
212
213
213
214
214
215
218
219
219
217
216
214
214
213
212
211
210
209
207
207
207
205
204
204
203
224
223
222
221
220
219
218
218
218
217
218
218
218
219
219
219
218
219
218
217
216
217
216
216
215
215
215
215
215
215
216
216
215
213
212
211
212
213
213
213
213
213
214
215
215
219
219
218
217
216
216
214
213
212
211
210
209
207
206
206
205
203
204
203
224
223
222
221
220
218
217
217
217
218
218
218
218
219
219
218
219
219
218
216
217
217
217
217
217
215
216
214
215
215
216
216
213
212
211
211
212
213
214
213
212
212
213
214
215
217
218
218
216
216
215
214
213
212
210
209
208
207
206
205
205
203
203
203
224
222
222
221
220
217
216
217
216
219
218
218
219
219
219
218
219
217
218
216
217
217
217
217
216
215
215
215
214
214
215
214
213
212
210
210
211
212
213
214
213
213
213
214
214
217
218
217
216
216
214
213
212
211
210
209
208
207
207
205
204
203
203
201