64
0
0
4
1
1
1
2
1
1
0
3
0
0
1
0
0
0
3
0
0
1
3
0
2
0
3
0
2
1
1
0
2
0
2
1
1
0
0
0
1
2
0
1
0
0
3
1
0
2
1
0
0
1
0
1
0
0
0
2
0
0
2
1
0
1
204
201
199
204
203
205
199
203
204
205
201
205
204
205
207
204
203
207
204
203
205
202
202
207
202
205
204
203
202
207
202
204
204
202
200
207
201
206
203
202
201
199
205
202
202
201
203
202
201
205
199
204
203
202
201
200
200
198
199
201
199
197
2
0
203
203
205
202
204
204
205
202
207
199
205
203
203
203
205
202
203
206
203
202
204
204
204
203
205
202
202
205
205
201
205
205
200
208
206
203
204
198
205
202
204
206
202
203
203
202
203
203
203
202
203
199
204
198
199
200
201
199
202
196
196
198
0
2
200
205
205
205
189
201
192
206
196
202
192
200
200
189
200
205
197
201
199
203
199
201
198
204
204
206
206
204
205
203
206
205
206
202
202
203
204
203
205
203
201
203
205
199
204
202
204
203
203
203
203
202
202
200
203
205
197
203
199
201
201
198
2
0
207
202
204
187
211
174
205
177
195
178
210
176
175
230
182
192
211
194
206
196
204
195
212
199
205
202
202
206
206
205
205
203
208
204
204
204
204
203
202
204
202
201
201
205
204
203
200
204
203
203
203
202
203
202
203
200
202
197
199
204
197
200
0
0
205
205
203
174
255
162
255
180
236
204
216
226
220
209
196
215
205
211
203
206
212
207
215
195
206
205
207
203
206
203
204
207
202
207
205
203
205
203
202
202
204
203
206
202
203
203
205
204
203
204
202
201
204
199
199
201
202
202
201
197
199
200
4
1
205
202
205
207
172
197
186
185
189
187
189
180
187
186
201
205
193
195
197
210
190
198
195
207
203
206
202
205
202
209
204
207
204
204
201
209
202
203
205
205
202
203
204
201
202
205
201
201
206
200
207
206
203
205
201
201
203
201
200
202
203
198
0
0
204
209
204
201
206
202
198
209
201
201
202
203
200
202
201
199
206
203
207
199
205
206
205
203
206
206
206
207
206
203
206
207
207
207
206
207
201
206
202
202
204
205
201
207
202
205
205
206
203
203
205
200
201
204
203
200
200
202
201
199
201
199
3
0
204
208
208
206
208
206
205
205
204
206
202
205
204
205
208
204
208
206
204
209
204
207
204
209
202
206
205
205
207
210
203
207
204
204
206
203
205
204
205
205
202
203
204
203
204
204
204
204
200
211
200
206
199
206
202
203
199
202
201
201
199
201
0
0
209
206
206
207
205
207
208
209
205
206
207
203
208
205
204
206
206
204
207
206
206
204
207
204
209
203
205
205
204
205
208
203
209
209
202
206
206
203
204
204
205
205
205
204
205
202
202
205
207
203
204
205
205
204
200
202
202
201
201
201
201
201
0
1
207
208
206
210
209
206
208
205
210
203
204
207
201
203
206
207
206
203
208
203
207
206
203
207
205
209
203
210
206
209
203
210
206
205
207
204
206
204
207
202
204
205
201
204
202
202
202
201
199
202
198
198
191
198
202
202
201
201
202
203
198
202
1
0
210
206
208
207
206
209
212
206
205
212
205
202
131
88
87
82
88
88
85
87
86
84
86
113
203
205
207
99
117
206
210
207
206
208
205
112
84
203
146
66
177
184
64
55
54
56
52
55
49
49
47
50
58
127
197
203
202
202
200
201
199
203
0
0
212
206
211
211
211
206
207
211
208
204
208
130
204
193
173
176
174
174
173
174
172
174
183
231
114
198
89
255
241
120
197
190
187
194
111
255
255
7
147
255
100
61
255
203
231
227
233
233
245
242
252
240
255
195
123
201
200
204
201
200
202
203
0
2
209
208
210
206
208
212
209
209
207
206
206
103
168
184
207
231
235
235
235
235
238
215
172
213
62
127
0
239
211
77
120
57
61
123
100
255
255
0
32
255
49
22
231
126
158
175
176
170
164
161
145
88
184
117
118
203
202
201
201
204
200
203
0
0
208
211
209
211
211
210
212
209
212
206
206
94
156
237
0
30
0
0
0
0
22
0
170
207
0
233
255
125
134
0
197
255
255
255
104
96
0
255
123
176
42
25
255
50
0
7
0
0
0
0
54
0
255
111
125
203
204
203
203
200
202
200
0
0
211
209
211
208
214
208
209
213
207
210
205
100
151
252
24
144
129
91
84
114
146
35
202
211
17
172
127
137
106
0
86
158
93
174
155
190
48
192
39
175
40
21
255
110
45
197
139
122
133
222
97
45
255
112
123
203
199
204
202
202
202
200
2
0
212
212
210
210
210
215
209
212
210
210
206
100
149
251
0
116
255
145
143
229
182
0
200
214
64
97
0
143
132
255
143
184
0
102
79
65
0
186
108
255
59
25
255
110
0
236
141
110
108
253
30
42
255
107
126
204
205
202
200
204
203
201
1
0
211
209
211
211
215
209
213
213
210
210
202
100
149
255
0
75
153
30
30
113
122
0
202
215
9
185
178
148
119
0
98
255
0
141
255
179
133
174
55
0
137
51
255
105
0
173
61
29
33
180
23
40
255
107
129
201
207
202
206
200
202
198
3
0
211
213
213
210
211
212
216
210
212
206
209
102
145
255
0
78
151
28
32
107
125
0
199
214
0
221
255
239
201
0
157
255
0
77
255
229
224
245
107
0
137
57
255
109
0
174
57
27
35
184
15
50
255
105
128
205
200
206
201
206
201
203
0
0
212
209
212
212
215
212
215
210
210
211
205
103
146
255
0
100
235
111
106
191
169
0
199
222
59
107
2
9
8
255
54
0
255
226
0
7
0
0
101
255
72
31
255
106
0
255
158
134
141
255
30
46
255
104
131
205
207
201
205
202
202
202
0
0
213
209
212
211
210
214
213
216
209
207
209
102
144
255
20
134
189
126
128
170
186
17
192
226
35
147
165
107
64
255
87
56
255
193
93
158
113
91
122
213
103
51
255
104
65
182
120
101
100
150
103
60
255
104
135
203
202
208
200
205
201
206
0
0
209
213
211
214
212
212
210
212
208
210
208
104
137
255
0
46
0
0
0
0
34
0
159
224
0
174
255
24
52
255
91
136
9
81
80
234
212
255
125
0
147
61
255
23
0
0
0
0
0
0
11
0
255
99
136
205
207
201
205
200
205
200
2
0
214
213
210
211
214
214
213
208
210
213
205
105
153
189
148
184
183
179
178
173
167
120
143
209
0
125
255
10
58
255
95
44
255
201
12
183
178
0
106
255
75
52
231
135
180
207
209
219
222
227
231
200
209
121
137
203
206
203
206
204
201
200
1
0
211
213
210
210
210
215
216
196
220
207
207
128
202
235
219
225
229
232
232
239
247
247
228
255
5
189
255
50
102
255
143
0
255
179
0
186
184
0
35
255
32
90
255
197
213
212
205
197
188
187
178
166
219
154
162
204
206
207
201
203
204
204
0
1
211
211
211
214
211
213
208
209
213
204
206
205
88
0
0
0
0
0
0
0
16
52
14
30
143
80
6
130
113
2
129
49
255
113
0
202
183
172
119
188
0
108
65
23
0
54
45
0
46
76
0
21
88
162
207
205
204
205
203
202
202
201
1
0
216
211
211
214
213
205
205
218
206
207
208
166
164
139
98
99
96
89
89
116
148
121
150
97
88
87
84
89
87
131
143
25
241
89
0
136
69
112
37
121
30
154
108
163
208
111
142
238
152
92
242
204
137
209
209
205
206
203
203
205
205
204
0
0
210
214
214
213
213
209
210
213
205
209
209
113
180
214
138
134
139
142
152
255
253
0
255
255
255
255
255
174
195
255
168
0
255
179
255
0
0
255
103
33
255
255
0
196
255
8
143
255
160
0
255
212
94
208
204
208
207
205
205
204
199
202
1
0
213
215
211
210
211
209
211
208
207
208
207
117
147
151
35
25
28
37
149
0
64
255
43
52
79
74
0
173
126
4
142
141
52
16
255
48
114
23
41
227
0
89
60
137
255
15
126
55
137
45
250
142
51
193
208
206
207
204
204
203
206
203
0
1
216
209
214
215
208
210
211
208
206
210
211
134
193
199
83
35
30
37
164
0
0
255
0
4
156
157
23
224
177
28
106
54
0
0
255
0
12
0
23
252
0
9
0
80
227
0
43
62
145
39
241
94
13
155
195
209
205
207
208
203
204
203
0
0
213
215
212
211
213
211
207
211
207
212
209
211
138
0
245
132
28
28
51
255
227
138
255
255
75
208
62
233
170
0
197
255
255
216
128
241
255
187
162
131
178
187
183
161
138
255
255
255
148
0
255
165
255
125
154
207
209
206
204
205
203
210
0
1
214
213
215
214
210
211
211
209
209
211
209
212
205
144
152
54
105
37
116
35
120
115
139
206
136
216
57
215
135
0
89
161
56
126
126
113
59
161
72
5
112
45
95
61
84
115
112
161
140
128
123
38
232
81
157
209
206
208
208
205
204
204
2
0
216
215
213
211
212
210
208
210
212
208
210
211
211
210
106
3
172
142
255
0
113
123
24
0
79
74
0
156
136
255
153
169
0
0
0
0
0
255
110
0
255
165
156
0
0
0
44
132
87
50
0
0
255
79
160
209
207
210
207
204
209
204
0
0
214
214
212
212
212
212
207
210
209
213
211
212
191
173
139
40
255
3
23
157
190
114
255
241
165
163
130
159
136
0
86
178
122
179
199
223
246
0
130
145
61
0
206
127
166
255
237
0
255
255
176
155
232
92
158
211
208
209
206
208
203
207
0
0
214
215
212
216
211
213
213
212
213
210
212
190
150
87
38
0
255
79
97
114
128
94
255
218
114
74
108
179
193
0
145
190
131
148
202
252
255
51
122
97
113
116
246
120
135
209
164
0
199
160
125
112
204
136
180
208
211
207
207
208
205
208
1
1
216
213
213
213
216
210
211
211
211
211
210
125
187
255
255
255
255
134
0
255
223
4
9
0
255
97
184
0
0
255
86
0
255
76
0
1
9
30
230
255
0
98
0
113
229
0
3
255
3
0
255
31
0
153
209
207
207
206
208
206
206
206
0
2
215
217
211
212
213
212
211
212
211
214
211
126
120
230
0
84
138
153
26
220
118
67
127
127
54
62
251
32
124
232
145
16
255
137
45
183
132
124
117
104
159
188
32
159
174
18
77
230
50
7
237
89
177
143
183
210
212
209
212
207
204
206
0
0
216
213
218
215
210
214
216
212
213
211
212
127
117
255
0
96
0
117
54
193
138
255
255
255
0
0
255
0
62
133
92
0
255
142
0
240
168
230
0
0
255
255
0
255
255
255
184
177
53
33
255
168
246
86
172
208
210
208
204
207
206
209
0
0
220
215
215
215
215
211
214
213
213
211
210
130
118
255
23
102
255
187
0
255
145
0
4
0
255
173
131
192
245
0
241
255
206
137
0
160
72
48
119
255
0
59
149
70
0
0
1
255
36
112
0
30
255
78
174
208
210
206
210
205
205
204
0
0
217
214
219
216
217
214
214
216
212
213
212
129
115
255
32
113
255
173
62
255
223
87
119
20
253
175
111
162
138
0
166
228
199
136
0
114
57
28
51
173
0
56
70
67
62
31
101
255
61
128
111
167
255
135
185
209
211
205
208
208
206
208
0
0
219
221
214
214
217
216
212
211
214
211
213
131
175
255
73
168
101
164
206
109
133
90
255
255
0
34
0
122
109
255
0
0
10
133
255
188
128
27
28
41
255
255
255
255
255
252
91
0
240
255
61
164
97
189
210
213
208
212
207
204
207
202
1
2
218
220
221
217
217
219
215
218
214
218
207
190
141
129
149
192
198
197
201
197
197
164
144
154
116
167
141
114
58
82
99
226
81
148
124
58
0
151
42
138
0
81
80
79
0
176
83
55
132
188
53
199
202
208
213
208
210
208
208
205
206
205
2
0
223
220
218
221
218
214
219
215
214
215
211
205
126
13
50
50
50
50
49
47
49
48
10
24
124
132
233
165
143
55
200
255
0
99
141
5
0
255
115
199
0
87
1
93
0
197
65
98
71
145
0
48
61
179
205
214
211
206
209
204
205
204
1
0
221
223
220
219
219
222
216
219
213
213
215
134
182
255
255
255
255
255
255
255
255
255
243
255
0
137
255
0
0
255
2
0
255
255
0
255
255
0
69
255
0
163
255
128
2
193
34
27
100
145
255
255
255
110
182
209
208
208
208
206
207
204
2
0
221
225
217
219
224
217
219
219
217
218
212
139
110
217
54
111
131
127
129
130
129
77
122
229
12
162
211
84
87
223
150
90
255
188
81
241
231
28
140
255
11
150
255
132
17
195
30
95
60
122
136
142
218
136
193
212
211
207
210
206
207
201
2
0
222
219
225
218
220
221
219
220
217
213
213
137
112
255
0
73
0
0
0
0
20
0
130
254
56
108
0
255
255
0
181
211
121
104
75
0
0
0
81
255
0
33
0
30
0
192
32
179
0
0
113
109
115
196
210
211
209
210
204
205
207
207
0
0
220
222
221
220
224
221
218
221
219
218
214
138
109
255
43
78
255
172
172
214
241
0
169
255
0
175
221
175
206
81
198
192
157
186
255
179
176
180
140
129
124
162
165
188
151
76
41
106
142
249
79
194
191
207
213
208
214
204
210
204
207
207
0
0
224
223
220
220
221
224
221
216
219
220
216
136
110
255
33
33
220
71
66
123
182
0
164
255
0
120
217
174
240
97
135
106
128
191
255
139
139
191
191
140
114
79
101
168
168
74
107
138
155
173
0
54
69
168
210
211
208
209
208
207
207
204
0
0
220
224
220
220
222
219
223
223
219
217
216
138
110
255
35
25
189
29
23
89
157
0
170
255
0
106
255
0
68
2
255
255
0
97
0
189
169
0
62
0
179
84
255
0
0
255
91
0
143
120
255
241
255
92
177
211
210
209
204
208
208
206
0
0
221
222
221
225
219
224
220
222
219
218
215
140
110
255
35
23
199
39
41
94
162
0
166
255
0
106
255
26
115
232
105
79
205
179
16
226
204
69
205
45
240
99
38
129
132
148
163
24
196
147
0
76
227
66
180
206
208
209
209
205
206
207
0
2
224
221
221
223
221
219
227
218
221
220
218
138
106
255
33
59
255
192
198
249
255
0
170
255
0
102
255
0
0
255
0
0
255
255
0
223
160
0
43
0
255
220
0
236
255
0
12
0
255
255
0
70
255
55
186
206
206
208
208
205
209
203
3
0
222
221
221
220
225
223
221
223
222
217
216
140
110
255
6
93
0
0
0
0
38
24
146
255
0
105
149
162
171
126
178
255
0
65
2
224
184
243
255
255
0
53
23
150
125
167
187
255
0
37
72
97
255
61
179
210
208
209
205
210
206
206
0
0
222
221
220
225
220
223
221
222
217
221
215
141
111
239
7
72
88
87
89
90
88
16
114
234
0
108
135
64
105
48
113
181
0
80
42
181
167
165
177
222
19
75
0
103
70
58
58
176
0
36
0
44
255
54
182
207
209
205
208
205
205
207
0
0
228
222
223
225
221
221
222
223
219
222
218
140
164
255
255
255
255
255
255
255
255
255
240
255
0
164
255
226
231
0
182
255
255
255
255
0
69
94
90
0
255
255
255
196
156
153
151
155
255
255
255
221
255
75
182
207
206
207
208
209
205
207
0
0
223
221
222
220
221
223
223
221
219
219
220
196
155
102
74
73
76
74
74
71
73
70
81
117
160
150
93
83
133
157
141
89
74
78
114
163
205
216
206
166
137
84
86
87
88
91
92
95
95
98
101
103
163
146
195
208
210
205
208
204
205
207
0
2
219
225
223
220
224
221
222
221
219
217
220
215
197
171
173
176
172
175
177
177
176
175
173
179
216
197
170
175
183
218
189
172
173
169
169
210
215
214
212
214
162
161
160
158
157
157
153
149
151
148
141
141
139
198
210
205
207
206
207
206
207
206
0
0
222
221
223
222
222
221
222
219
221
221
217
217
219
214
216
216
216
215
215
217
214
217
215
215
216
217
217
214
217
216
215
218
215
216
213
216
214
212
215
212
214
216
215
220
218
216
217
219
214
214
213
215
208
213
206
211
206
205
205
209
205
204
2
0
225
224
221
225
212
216
217
222
219
220
217
220
212
220
217
216
216
217
221
217
218
212
218
215
214
214
216
212
216
215
220
214
215
216
218
213
212
215
213
212
213
211
216
216
216
220
218
219
215
215
214
211
211
210
209
206
211
206
208
204
204
206
0
0
223
223
222
211
181
186
202
191
191
214
188
203
189
192
211
184
204
186
211
196
200
195
212
200
201
201
199
208
188
200
209
187
214
201
204
200
194
213
213
213
216
215
216
219
217
213
218
217
215
214
213
215
209
210
210
210
202
208
208
204
207
206
1
0
224
222
220
161
255
193
208
217
243
163
255
174
221
230
168
255
191
230
167
244
185
255
178
213
206
217
211
202
228
205
186
254
179
215
208
196
245
194
210
213
215
212
214
216
218
219
216
217
217
216
211
213
211
214
207
205
213
204
206
205
201
205
0
1
220
226
222
177
241
247
190
223
236
176
255
193
235
243
190
215
182
255
143
255
204
229
165
255
223
189
255
153
255
231
172
255
146
255
146
255
198
201
210
215
211
216
215
218
215
220
219
216
217
214
215
213
212
211
208
211
207
206
207
206
206
206
1
0
222
222
221
220
181
176
199
192
195
205
186
180
226
170
208
199
201
168
211
183
221
186
214
184
199
201
189
213
180
190
208
184
197
222
196
186
199
213
215
211
214
212
216
217
217
217
215
218
214
218
212
212
211
210
210
207
209
206
203
206
204
202
1
0
224
222
221
220
217
218
216
215
219
217
216
219
202
218
216
221
216
217
216
217
205
218
216
218
213
216
214
214
215
214
214
211
214
197
213
210
211
213
212
212
213
213
212
219
212
217
219
216
217
211
215
213
212
210
209
207
208
208
205
204
207
201
1
0
222
222
221
219
219
218
218
218
217
218
218
220
218
218
221
217
216
217
220
215
217
216
216
212
218
211
219
213
215
214
211
217
213
212
211
211
212
210
214
215
215
214
215
215
218
218
215
219
215
215
213
212
210
212
210
209
207
207
207
202
205
204
0
0
3
0
0
0
3
3
0
5
0
1
1
0
0
0
2
0
5
0
3
0
0
0
0
1
1
1
0
2
2
0
2
0
0
3
2
1
1
1
0
0
0
1
0
4
0
0
1
1
0
2
1
1
1
0
0
0
1
0
1
1
1
0
0
